# R script for Peak Model
#  -- generated by MACS
p <- c(0.046326209316,0.0545449168005,0.0621664171668,0.0695035331911,0.0771250335574,0.0766415801759,0.0761865652287,0.0761581267945,0.0768122107811,0.0770112798205,0.0767268954785,0.0761012499261,0.0761012499261,0.0763003189655,0.0763003189655,0.0768406492153,0.0773809794652,0.0769544029521,0.0764425111365,0.0762434420971,0.0762150036629,0.0760728114919,0.0762718805313,0.0761012499261,0.0764993880049,0.0765278264391,0.0760443730577,0.0760728114919,0.075959057755,0.0758453040182,0.0755893581104,0.0754756043736,0.0754471659394,0.0762150036629,0.0762434420971,0.0760443730577,0.0764140727023,0.0766415801759,0.0768690876495,0.0763287573997,0.0764425111365,0.0766131417417,0.0762434420971,0.0753049737684,0.0742811901371,0.0744233823081,0.0742527517029,0.0735986677162,0.0733427218084,0.0737692983214,0.0733995986768,0.073428037111,0.0734564755452,0.0737977367557,0.0747930819527,0.0749921509922,0.0745086976107,0.0748215203869,0.0745655744791,0.0747077666501,0.0750490278606,0.0745940129133,0.0745371360449,0.0741105595319,0.0730298990322,0.0725464456507,0.0721198691377,0.0718639232299,0.0719492385325,0.0717501694931,0.0717501694931,0.0716364157563,0.0715511004536,0.0718923616641,0.0725748840849,0.0724326919139,0.0728023915586,0.0726886378218,0.0724326919139,0.0724611303481,0.0723758150455,0.0726317609533,0.0724326919139,0.0721483075719,0.0715511004536,0.0709823317696,0.0709823317696,0.0710676470722,0.0710676470722,0.0708401395986,0.0709823317696,0.0712667161116,0.0713520314142,0.071465785151,0.071465785151,0.0720061154009,0.0723473766113,0.0726601993875,0.0729730221638,0.073001460598,0.0732574065058,0.0727455146902,0.0728023915586,0.072717076256,0.0726317609533,0.0730583374664,0.0728023915586,0.0723189381771,0.0721483075719,0.0714089082826,0.070897016467,0.07132359298,0.0708401395986,0.0708117011644,0.0708401395986,0.0703851246513,0.0699869865725,0.0700154250067,0.0698732328357,0.0702998093487,0.0700723018751,0.0700154250067,0.0698163559673,0.0697026022305,0.0696457253621,0.0696172869279,0.0698447944015,0.0694466563227,0.0696457253621,0.0697310406647,0.0698447944015,0.068934764507,0.0695035331911,0.0697879175331,0.070470439954,0.0701007403093,0.0702144940461,0.0701007403093,0.0701007403093,0.070612632125,0.0703282477829,0.0710107702038,0.0708117011644,0.070612632125,0.0700723018751,0.0703851246513,0.0704420015197,0.0708401395986,0.0705557552566,0.0703851246513,0.0703282477829,0.070470439954,0.0711245239406,0.071039208638,0.0710107702038,0.0709538933354,0.0709823317696,0.0710676470722,0.0712951545458,0.0710960855064,0.070897016467,0.0705841936908,0.070470439954,0.0705841936908,0.0706979474276,0.0708685780328,0.0712382776774,0.0714089082826,0.0710960855064,0.0708401395986,0.0717786079273,0.0718639232299,0.0718923616641,0.0715511004536,0.0717217310589,0.0718923616641,0.0717786079273,0.07132359298,0.0716079773221,0.0719776769667,0.0721198691377,0.0728023915586,0.0724611303481,0.0727455146902,0.0733995986768,0.0729445837296,0.0724611303481,0.0729161452954,0.0733995986768,0.0736271061504,0.0738261751899,0.0732574065058,0.0735417908478,0.0737692983214,0.0735986677162,0.0740821210977,0.0743665054397,0.0742811901371,0.0743665054397,0.0747077666501,0.0745940129133,0.0747362050843,0.0750774662948,0.0754471659394,0.0746508897817,0.0751627815974,0.075532481242,0.0756462349788,0.0750774662948,0.0746793282159,0.0746508897817,0.0744233823081,0.0741674364003,0.073712421453,0.0739968057951,0.073428037111,0.073143652769,0.0734564755452,0.0740536826635,0.0742811901371,0.0740536826635,0.0745940129133,0.0746224513475,0.0747646435185,0.0744518207423,0.0736839830188,0.0739114904925,0.0733995986768,0.0726317609533,0.0723758150455,0.0727455146902,0.0720345538351,0.0720061154009,0.0724326919139,0.0728308299928,0.0738830520583,0.0737408598872,0.0743665054397,0.0750774662948,0.0747930819527,0.0745371360449,0.0749921509922,0.0753334122026,0.0752765353342,0.0755040428078,0.0752765353342,0.0754756043736,0.075674673413,0.075105904729,0.0750774662948,0.0745655744791,0.0743096285713,0.0739114904925,0.073570229282,0.0728877068612,0.0729445837296,0.0725180072165,0.0717217310589,0.0720061154009,0.0723189381771,0.072717076256,0.0729730221638,0.0733142833742,0.073570229282,0.0740536826635,0.0739114904925,0.0743949438739,0.0750490278606,0.0748215203869,0.0750490278606,0.0758453040182,0.0762718805313,0.0763571958339,0.0765847033075,0.0766984570443,0.0765562648733,0.0762718805313,0.0763003189655,0.0770965951231,0.0773241025968,0.0765278264391,0.0767553339127,0.0760443730577,0.075816865584,0.0759874961892,0.0762718805313,0.0766700186101,0.0763571958339,0.0762718805313,0.0763856342681,0.0770397182547,0.0765562648733,0.0768406492153,0.0771819104258,0.0770965951231,0.0778075559782,0.0778644328466,0.0786891474385,0.0789450933463,0.0788882164779,0.0786038321359,0.0789735317805,0.0797129310698,0.0795707388988,0.0794854235962,0.0792010392541,0.0792294776883,0.0793716698594,0.0792294776883,0.0793716698594,0.0793432314252,0.0791726008199,0.0788597780437,0.0792294776883,0.0797698079382,0.080310138188,0.0803670150564,0.0804807687933,0.0810779759115,0.0812770449509,0.0817604983324,0.0825283360558,0.0830686663057,0.0830971047399,0.0834668043845,0.0835521196871,0.0844621495816,0.084376834279,0.0842062036738,0.0843483958448,0.084803410792,0.0846043417526,0.0847749723578,0.0850309182657,0.0851731104367,0.0848887260947,0.084661218621,0.0849456029631,0.0850593566999,0.0853437410419,0.0853437410419,0.086196894068,0.0863675246732,0.0863675246732,0.0862537709364,0.086623470581,0.0867372243178,0.086907854923,0.0872206776993,0.0875903773439,0.0876188157781,0.0877325695149,0.0882160228964,0.0886425994094,0.0893535602645,0.0902920285931,0.0909176741456,0.0910029894482,0.0910314278824,0.0908039204088,0.090974551014,0.0907754819746,0.090690166672,0.0907186051062,0.090547974501,0.0897232599091,0.0891829296592,0.0889269837514,0.0893535602645,0.0892398065276,0.089154491225,0.0888132300146,0.0889554221856,0.0890691759224,0.0890976143566,0.0901498364221,0.090547974501,0.0910883047508,0.0908039204088,0.0909461125798,0.0913726890928,0.0916286350007,0.0913726890928,0.091401127527,0.0914864428296,0.0916570734349,0.0920267730795,0.0919983346453,0.0927661723688,0.0931643104476,0.0934486947896,0.0932496257502,0.0937899560001,0.0937046406974,0.0938183944343,0.0933065026186,0.0931074335792,0.0931358720134,0.0929083645398,0.0930505567108,0.0924817880267,0.0927661723688,0.0924249111583,0.0924249111583,0.0921974036847,0.0917139503033,0.0919130193427,0.0922827189873,0.0924817880267,0.0922827189873,0.0926808570662,0.0930221182766,0.0935340100922,0.0936762022632,0.0936762022632,0.0942734093815,0.0944156015525,0.0944156015525,0.0937615175659,0.0937899560001,0.0940743403421,0.0943302862499,0.0939605866053,0.0945577937235,0.0954109467496,0.0956953310916,0.0959512769994,0.0959228385652,0.0966053609861,0.0968328684597,0.0969181837623,0.0968897453281,0.0973731987096,0.0971741296702,0.0970319374991,0.0973447602754,0.0970603759333,0.0974585140122,0.0974585140122,0.097430075578,0.0973447602754,0.0973731987096,0.097430075578,0.0982547901699,0.0983969823409,0.0984254207751,0.0984538592093,0.0986529282487,0.0985676129461,0.0991079431959,0.0994492044064,0.09967671188,0.0996198350116,0.0991648200643,0.0989088741565,0.0991932584985,0.0998757809194,0.0999326577878,0.100444549603,0.100842687682,0.10109863359,0.101582086972,0.101695840708,0.101525210103,0.101923348182,0.10163896384,0.101439894801,0.101866471314,0.102150855656,0.101809594445,0.102264609392,0.102122417221,0.102122417221,0.102833378076,0.10306088555,0.103146200853,0.102975570247,0.102605870603,0.102577432169,0.102748062774,0.102349924695,0.102150855656,0.101951786616,0.10109863359,0.10129770263,0.101525210103,0.101439894801,0.101610525406,0.101070195156,0.101013318288,0.101240825761,0.10129770263,0.101667402274,0.102463678432,0.102293047827,0.102378363129,0.102748062774,0.102577432169,0.103288393024,0.103800284839,0.103743407971,0.104084669181,