# R script for Peak Model
#  -- generated by MACS
p <- c(0.0447242867807,0.0519944175781,0.05950255861,0.0667510521134,0.0742808304393,0.0739129964407,0.074107732087,0.0741293693811,0.0738048099705,0.0736966235003,0.0743673796155,0.0745621152619,0.0744755660857,0.074648664438,0.0739779083228,0.0738913591466,0.0736317116181,0.0733937013837,0.0732638776195,0.0728744063267,0.0729176809148,0.0728311317387,0.0726580333863,0.0725065723281,0.073025867385,0.0737615353824,0.0734586132658,0.0737398980883,0.0735884370301,0.0742591931453,0.0734802505599,0.0729609555029,0.0731773284433,0.0727013079744,0.0721820129175,0.0714247076261,0.0715761686843,0.0715545313903,0.071403070332,0.0703428429241,0.0699966462194,0.0701048326896,0.0697153613969,0.0699533716313,0.0706890396287,0.0702346564539,0.0698668224552,0.0694773511625,0.0696071749267,0.0698451851611,0.0701481072777,0.0699966462194,0.0696720868088,0.0700399208075,0.0696504495148,0.0702346564539,0.0710135990393,0.0710135990393,0.0710135990393,0.0714896195082,0.0719656399771,0.0723767485638,0.0727013079744,0.0726580333863,0.0727662198565,0.0729393182089,0.0725498469161,0.073004230091,0.0734153386777,0.0728744063267,0.0726580333863,0.07246329774,0.0729176809148,0.0725282096221,0.07246329774,0.0720521891532,0.0722252875055,0.0717925416247,0.0716843551545,0.0717925416247,0.0716410805665,0.0716194432724,0.0711217855095,0.0709919617453,0.0711434228035,0.0712083346857,0.0706890396287,0.0706890396287,0.0708188633929,0.0707755888049,0.0705375785704,0.0701697445717,0.0702346564539,0.0700182835135,0.0693042528101,0.0691095171638,0.0691960663399,0.0689364188115,0.0687200458711,0.0687849577532,0.0688715069293,0.0696504495148,0.0693908019863,0.0696720868088,0.0703644802181,0.0705159412764,0.0707755888049,0.0711650600976,0.0711434228035,0.0711217855095,0.0710785109214,0.0703428429241,0.0706674023347,0.0705808531585,0.0708837752751,0.0711001482155,0.0707539515108,0.0709703244512,0.0709919617453,0.0712299719797,0.071403070332,0.0713165211559,0.0721171010353,0.0723118366817,0.0716410805665,0.0717059924486,0.0718141789188,0.0716194432724,0.0715545313903,0.0716194432724,0.0720089145651,0.0728311317387,0.0724416604459,0.0727445825625,0.0732855149135,0.0731556911493,0.0731773284433,0.0733937013837,0.0735235251479,0.0731340538552,0.0728527690327,0.0725498469161,0.0722685620936,0.0721603756234,0.0717709043307,0.0722901993877,0.0725282096221,0.0722685620936,0.0721387383294,0.0725498469161,0.0722036502115,0.0720954637413,0.0718574535069,0.0719656399771,0.071922365389,0.0712299719797,0.0708837752751,0.0710785109214,0.0711650600976,0.0713165211559,0.071381433038,0.0714247076261,0.0715545313903,0.0715112568022,0.0720305518592,0.0721820129175,0.0723551112698,0.0722469247996,0.0725714842102,0.07246329774,0.0729825927969,0.0728744063267,0.0729393182089,0.0731340538552,0.0729393182089,0.0727445825625,0.0729609555029,0.0733071522075,0.0733937013837,0.0733504267956,0.0729176809148,0.0738264472645,0.0739779083228,0.0736749862062,0.0732855149135,0.0734802505599,0.0733937013837,0.0730691419731,0.0726580333863,0.0724200231519,0.0727229452685,0.0723118366817,0.0721171010353,0.0723118366817,0.0724416604459,0.0726363960923,0.0732206030314,0.0731340538552,0.0733720640897,0.073545162442,0.0733720640897,0.0732638776195,0.0730691419731,0.0734369759718,0.0737182607943,0.0738480845585,0.0735884370301,0.0734802505599,0.0735884370301,0.0734153386777,0.0739779083228,0.0739562710287,0.0741510066751,0.073545162442,0.0739346337347,0.074086094793,0.0741726439691,0.0744755660857,0.0744755660857,0.0749299492605,0.0746919390261,0.0745188406738,0.0747135763201,0.0752545086711,0.0750381357307,0.0748001254963,0.0747784882023,0.0748434000844,0.0749299492605,0.0748650373784,0.0753410578473,0.0758170783162,0.0761632750208,0.0765743836076,0.0764878344314,0.0765743836076,0.0768340311361,0.0768340311361,0.0766176581957,0.0770287667824,0.0763580106672,0.0766176581957,0.0768989430182,0.0768556684301,0.0769422176063,0.0771802278407,0.0776129737215,0.0778509839559,0.078413553601,0.0781539060725,0.0783702790129,0.0780889941904,0.0777860720738,0.0776346110155,0.0778293466619,0.0780024450142,0.0775264245453,0.0777860720738,0.0777860720738,0.0781539060725,0.0786082892473,0.0787813875997,0.0786082892473,0.0786515638354,0.0787164757175,0.078435190895,0.0784568281891,0.0785433773652,0.0782620925427,0.0784568281891,0.0787381130116,0.0793872318328,0.0795603301851,0.0796685166553,0.0796901539493,0.0802310863003,0.0802743608884,0.0802527235944,0.0806854694752,0.080577283005,0.0799498014778,0.0799065268897,0.0800147133599,0.0802959981825,0.0805556457109,0.0807936559454,0.0812480391202,0.0813562255904,0.0817024222951,0.0819837071176,0.0824164529984,0.0825030021745,0.0829790226434,0.0826111886447,0.0825462767626,0.0822649919401,0.0827193751149,0.0831304837017,0.0830006599375,0.0828708361732,0.0834117685242,0.0838661516991,0.0839310635812,0.0844070840501,0.0853158503997,0.0857053216925,0.0854023995759,0.085467311458,0.0855754979282,0.0856836843984,0.0857053216925,0.0855322233401,0.0860947929852,0.0861813421613,0.0859649692209,0.0862678913375,0.0864842642779,0.0864842642779,0.0864193523958,0.0868953728647,0.087068471217,0.0873713933335,0.0874146679216,0.0876526781561,0.0878690510965,0.0879123256845,0.0880637867428,0.0884965326236,0.0886263563879,0.0883667088594,0.0889725530925,0.0887778174462,0.0886479936819,0.0889292785044,0.0881936105071,0.0882368850952,0.0880854240369,0.0879556002726,0.0880854240369,0.0884532580356,0.0882152478011,0.0883450715654,0.088150335919,0.0880421494488,0.0890591022687,0.0890158276806,0.0894702108554,0.0894052989733,0.0894269362674,0.0893187497972,0.0891240141508,0.0884316207415,0.0887778174462,0.0888643666223,0.088669630976,0.0888210920342,0.0888210920342,0.0891240141508,0.0890591022687,0.0892971125031,0.0894052989733,0.0903573399111,0.0902491534409,0.0900976923826,0.0904222517932,0.0907900857919,0.0906818993217,0.0902491534409,0.0907251739098,0.0905520755574,0.0902058788528,0.0900760550886,0.0902491534409,0.0906169874396,0.0904871636753,0.0904006144992,0.0904871636753,0.0907035366157,0.0906386247336,0.0908117230859,0.0912011943786,0.091374292731,0.0915473910833,0.0913526554369,0.0910713706144,0.0911579197906,0.0914392046131,0.0916339402594,0.0915257537892,0.0915041164952,0.0918503131998,0.0921099607283,0.0916988521416,0.0918070386118,0.0920883234343,0.091374292731,0.0913093808488,0.0911362824965,0.0909631841442,0.0909848214382,0.0908117230859,0.0905304382634,0.09083336038,0.0908117230859,0.0905520755574,0.0914608419071,0.0917421267296,0.0919801369641,0.0926076184912,0.0929538151959,0.0926292557853,0.0927807168436,0.0931269135482,0.0931918254303,0.0933649237826,0.0928889033138,0.0925210693151,0.0928239914316,0.0926941676674,0.0927590795495,0.0927158049614,0.092456157433,0.0926076184912,0.0926292557853,0.0926725303734,0.0929105406078,0.0932567373124,0.0929538151959,0.0929321779018,0.0929105406078,0.0932351000184,0.0937327577813,0.0931269135482,0.093559659429,0.094078954486,0.0943169647204,0.094122229074,0.0943602393085,0.094619886837,0.0945766122489,0.0945117003668,0.0942520528383,0.0947280733072,0.0949011716595,0.0949011716595,0.0950959073058,0.0954421040105,0.0960479482436,0.0963941449482,0.0971298129456,0.0977356571787,0.0979303928251,0.0986011489403,0.0987742472926,0.0987093354105,0.0985795116463,0.0985362370582,0.0981467657655,0.0983415014118,0.097887118237,0.0979736674132,0.0981684030595,0.0981900403536,0.0982333149416,0.0986227862344,0.0983631387059,0.0985795116463,0.0989257083509,0.0988175218807,0.0987526099986,0.0988391591748,0.0986660608224,0.0986876981165,0.0987309727046,0.0987526099986,0.0992935423496,0.0995531898781,0.0998128374066,0.0999210238768,0.100570142698,0.101002888579,0.101522183636,0.101587095518,0.10154382093,0.101738556576,0.101825105752,0.102041478693,0.101976566811,0.102604048338,0.102712234808,0.103209892571,0.103750824922,0.103837374098,0.104378306449,0.104248482685,0.104637953977,0.104984150682,0.104940876094,0.104551404801,0.104659591272,