# R script for Peak Model
#  -- generated by MACS
p <- c(0.0441080390553,0.0516378882538,0.0596545811505,0.0667949553905,0.0742923483425,0.07497392952,0.0746493670545,0.0751686669992,0.0750063857665,0.0750063857665,0.0755905982043,0.0754932294647,0.0746818233011,0.0752660357389,0.0751686669992,0.0751037545061,0.0756230544509,0.0752335794923,0.0757853356836,0.0759476169163,0.0752984919854,0.0753958607251,0.0758177919301,0.0755581419578,0.0752984919854,0.0748116482872,0.0752335794923,0.0748441045338,0.0744221733287,0.0745195420683,0.0750712982596,0.0747467357941,0.07497392952,0.0748116482872,0.0753634044785,0.0758502481767,0.075687966944,0.0761098981491,0.0764344606145,0.0758827044232,0.0759151606698,0.0755905982043,0.0753958607251,0.0749414732734,0.0741949796029,0.0732862046996,0.0731563797134,0.0729940984807,0.0729291859876,0.0731563797134,0.0730265547272,0.073902873384,0.0731563797134,0.0734484859323,0.0742274358494,0.0748116482872,0.0746818233011,0.0751037545061,0.0748441045338,0.0741300671098,0.0740326983701,0.0735783109185,0.0744221733287,0.0746818233011,0.0741300671098,0.0740976108632,0.0745519983149,0.0747467357941,0.0748441045338,0.075330948232,0.0755905982043,0.0755581419578,0.0754283169716,0.0754283169716,0.0757853356836,0.0766291980938,0.0760774419025,0.0754607732181,0.0757853356836,0.0758177919301,0.0754607732181,0.0755256857112,0.0746493670545,0.0748116482872,0.0740326983701,0.0731239234669,0.0732862046996,0.0726695360152,0.0722151485636,0.0720204110843,0.0716309361258,0.0719879548378,0.0729291859876,0.0728642734945,0.0733835734392,0.0741949796029,0.0736756796581,0.0741949796029,0.0741949796029,0.0737081359047,0.0738704171374,0.0736107671651,0.073902873384,0.0736756796581,0.0741949796029,0.0729616422341,0.0729616422341,0.0734484859323,0.073902873384,0.0745844545614,0.0748765607803,0.0751362107527,0.0748765607803,0.07497392952,0.0748116482872,0.0760125294094,0.0766941105869,0.0772458667781,0.0774081480109,0.0777002542298,0.0767265668334,0.0764669168611,0.0759151606698,0.0761748106421,0.0757853356836,0.0750388420131,0.0741625233563,0.0738704171374,0.0736432234116,0.0734809421789,0.0740651546167,0.0744221733287,0.0745519983149,0.0744870858218,0.0749090170269,0.0747791920407,0.0752335794923,0.0748441045338,0.0738379608909,0.0742274358494,0.0741300671098,0.0739353296305,0.073902873384,0.0737405921512,0.0737081359047,0.0735133984254,0.073545854672,0.073902873384,0.0751037545061,0.0752984919854,0.0752660357389,0.0752011232458,0.0754932294647,0.0763370918749,0.0755905982043,0.0759800731629,0.0763046356283,0.0758177919301,0.0755581419578,0.0746818233011,0.0754932294647,0.0748765607803,0.0741949796029,0.0740326983701,0.07497392952,0.0749414732734,0.0743897170821,0.0739353296305,0.0739353296305,0.0740002421236,0.0730914672203,0.0731563797134,0.0736432234116,0.0732862046996,0.0728642734945,0.0734160296858,0.0733511171927,0.0738704171374,0.0738055046443,0.0742923483425,0.0753958607251,0.0766291980938,0.0765967418472,0.0762072668887,0.076402004368,0.0761098981491,0.0764344606145,0.0768563918196,0.0763370918749,0.0762072668887,0.0759800731629,0.0752011232458,0.0747791920407,0.07497392952,0.074616910808,0.0739353296305,0.0738379608909,0.0739353296305,0.0744221733287,0.0738704171374,0.0733511171927,0.0733511171927,0.0734484859323,0.0739353296305,0.0740002421236,0.0741625233563,0.0747142795476,0.0739677858771,0.0737405921512,0.074259892096,0.074259892096,0.0740002421236,0.0745844545614,0.0740326983701,0.0742923483425,0.0750712982596,0.0751362107527,0.0757204231905,0.0754932294647,0.0757853356836,0.075330948232,0.0757853356836,0.0762072668887,0.0764669168611,0.0769537605592,0.0762397231352,0.0763695481214,0.0761423543956,0.0770835855454,0.0774406042574,0.0780248166952,0.0784467479003,0.0777976229694,0.0777327104763,0.0764993731076,0.0772783230247,0.077116041792,0.0771809542851,0.0767914793265,0.0764993731076,0.0765967418472,0.0761098981491,0.0763370918749,0.0763046356283,0.0773107792712,0.0767914793265,0.076402004368,0.0763370918749,0.0763370918749,0.0758177919301,0.0761748106421,0.0764344606145,0.07675902308,0.0770835855454,0.0767265668334,0.07675902308,0.0768563918196,0.0766616543403,0.0770186730523,0.0779923604487,0.0772783230247,0.0776028854901,0.0777976229694,0.0773432355178,0.0775055167505,0.0778949917091,0.0784142916538,0.0788686791054,0.0794204352967,0.0789985040916,0.0793230665571,0.0790634165847,0.0788686791054,0.0793230665571,0.0797125415156,0.0798099102552,0.0797449977621,0.0795178040363,0.078187097928,0.0777002542298,0.0781546416814,0.0784467479003,0.0784142916538,0.0790634165847,0.0794853477898,0.0797449977621,0.0802642977069,0.0809783351309,0.0820493912669,0.0822765849927,0.0820493912669,0.081757285048,0.0827309724443,0.0822116724996,0.0819195662807,0.0812379851032,0.0804590351861,0.0804914914327,0.0806213164189,0.0811730726101,0.0814327225825,0.0819844787738,0.0811081601171,0.0814651788291,0.0814651788291,0.0827634286909,0.0829906224167,0.0824064099789,0.0822441287461,0.081822197541,0.0824388662254,0.0814651788291,0.0818871100341,0.0813353538429,0.082179216253,0.0815300913221,0.0823090412392,0.0830879911563,0.0830230786632,0.0833151848821,0.0830230786632,0.0840292223061,0.0846458909905,0.0854897534007,0.0855222096472,0.0852625596749,0.0852950159214,0.0849055409629,0.085327472168,0.0854248409076,0.0853599284145,0.0855871221403,0.0855222096472,0.0861388783316,0.0855871221403,0.0866257220298,0.0865283532901,0.0865932657832,0.0873397594538,0.0875994094261,0.0876967781658,0.087177478221,0.0871450219745,0.0866257220298,0.0870151969883,0.0868853720021,0.0873397594538,0.0876318656727,0.0870151969883,0.0867880032625,0.0869178282487,0.0879239718916,0.0872748469607,0.0875669531796,0.0879239718916,0.0877616906589,0.08746958444,0.0870801094814,0.0869827407418,0.087534496933,0.0879239718916,0.087826603152,0.0886380093156,0.0879239718916,0.088248534357,0.088248534357,0.0890599405207,0.0902608216429,0.0908450340807,0.0913643340254,0.0914941590116,0.0909424028203,0.0909748590669,0.0914292465185,0.0912345090392,0.0914292465185,0.0907801215876,0.0902283653963,0.0897090654516,0.0893845029861,0.089611696712,0.0902932778894,0.090682752848,0.0902932778894,0.0902608216429,0.0907152090945,0.0904231028756,0.0902608216429,0.090747665341,0.091396790272,0.0914292465185,0.0912669652858,0.0910073153134,0.091396790272,0.090682752848,0.0906178403549,0.0909099465738,0.0919160902167,0.0915590715047,0.0911695965461,0.0908450340807,0.090682752848,0.0905529278618,0.0908774903272,0.0918836339701,0.0917213527374,0.0914292465185,0.0909424028203,0.0920459152029,0.0923704776683,0.0934090775578,0.0936687275301,0.093960833749,0.0941880274749,0.0940257462421,0.0950643461316,0.0954862773367,0.0959082085418,0.0952915398574,0.0955511898298,0.0948696086523,0.0951617148712,0.0943503087076,0.0940257462421,0.0947397836661,0.0942204837214,0.0950643461316,0.0950643461316,0.0951941711178,0.0945775024334,0.0947397836661,0.094252939968,0.0947722399127,0.0952266273643,0.094674871173,0.0940582024887,0.093603815037,0.0931169713389,0.0934090775578,0.0941231149818,0.0937336400232,0.0947397836661,0.0954538210901,0.0947397836661,0.0948046961592,0.0955836460763,0.0961354022676,0.0966871584589,0.0969143521847,0.0965573334727,0.096816983445,0.0959082085418,0.0962652272538,0.0972389146501,0.0969792646778,0.0964924209796,0.0963301397469,0.096459964733,0.0962327710072,0.0963625959934,0.0966547022123,0.0970441771709,0.0964924209796,0.0964275084865,0.09639505224,0.096459964733,0.0960704897745,0.0957783835556,0.0958757522952,0.0959406647883,0.0957783835556,0.0957134710625,0.0954213648436,0.0953564523505,0.0955836460763,0.0958108398021,0.0955511898298,0.0959731210349,0.0956485585694,0.0958432960487,0.0954862773367,0.0955511898298,0.0954213648436,0.095681014816,0.0957134710625,0.0956485585694,0.096038033528,0.0962003147607,0.0967196147054,0.0965573334727,0.097888039581,0.0980178645672,0.0984722520189,0.0982775145396,0.0986669894981,0.0984073395258,0.0982775145396,0.0976283896087,0.097823127088,0.0974985646225,