# R script for Peak Model
#  -- generated by MACS
p <- c(0.0367891381983,0.0422633619622,0.0486205250428,0.0548599628812,0.0611582633408,0.060746224993,0.0612171259619,0.0617468895519,0.0623943783842,0.0614525764464,0.0621000652786,0.0633361803221,0.0628652793532,0.0621000652786,0.0621000652786,0.0628652793532,0.063277317701,0.0623355157631,0.0625709662476,0.0627475541109,0.0616880269308,0.0609228128563,0.0606284997507,0.0605696371296,0.0603341866451,0.0596866978128,0.059274659465,0.059745560434,0.0586860332538,0.0585683080116,0.0586860332538,0.0592157968439,0.0593335220861,0.0601575987818,0.059274659465,0.0590392089806,0.0595101099495,0.0585094453905,0.0595689725706,0.0596278351917,0.0604519118874,0.0599810109184,0.0595101099495,0.0596278351917,0.0596866978128,0.0601575987818,0.0601575987818,0.0616880269308,0.0613348512041,0.0614525764464,0.0614525764464,0.0613937138252,0.0631007298376,0.0633361803221,0.06480774585,0.0648666084712,0.06427798226,0.0643957075022,0.0652197841979,0.0649843337134,0.0640425317755,0.0649843337134,0.0638659439122,0.0636893560488,0.0643957075022,0.0639836691544,0.0644545701233,0.0635127681855,0.0636304934277,0.0633361803221,0.0644545701233,0.0641013943966,0.0637482186699,0.0640425317755,0.0627475541109,0.0624532410054,0.063277317701,0.0643368448811,0.0628652793532,0.0632184550799,0.0619234774153,0.0612171259619,0.0619823400364,0.0613348512041,0.0603341866451,0.0598632856762,0.0590392089806,0.0578619565582,0.057744231316,0.0574499182104,0.0582151322849,0.0583917201483,0.0583917201483,0.0580385444216,0.0592157968439,0.0596866978128,0.0590980716017,0.058744895875,0.0598044230551,0.0606873623718,0.0615703016886,0.0616880269308,0.0603930492662,0.0610994007197,0.0610405380985,0.0622177905209,0.0637482186699,0.0634539055643,0.0633950429432,0.0633950429432,0.0625709662476,0.0626298288687,0.0641602570177,0.0636304934277,0.0632184550799,0.0619823400364,0.0612171259619,0.0613937138252,0.0608639502352,0.0606873623718,0.0602164614029,0.0598044230551,0.0600987361607,0.0614525764464,0.0625121036265,0.0628652793532,0.0634539055643,0.0646900206078,0.0659849982724,0.0663381739991,0.0673388385581,0.0676331516637,0.068280640496,0.0671033880736,0.0665147618624,0.0667502123469,0.0657495477879,0.0657495477879,0.0652197841979,0.0643957075022,0.063807081291,0.0640425317755,0.0613937138252,0.0605107745085,0.0595101099495,0.0595101099495,0.0594512473284,0.0582151322849,0.0579796818004,0.0585094453905,0.058273994906,0.0582151322849,0.0595689725706,0.0603341866451,0.0613348512041,0.060746224993,0.0605107745085,0.0614525764464,0.0617468895519,0.0609816754774,0.059745560434,0.0600987361607,0.0600398735395,0.0610405380985,0.0594512473284,0.0596278351917,0.0604519118874,0.0605696371296,0.0604519118874,0.0611582633408,0.0628652793532,0.0621000652786,0.0618646147942,0.0616291643097,0.0632184550799,0.0633361803221,0.0628652793532,0.0626886914898,0.0629830045954,0.063277317701,0.0635127681855,0.0641013943966,0.0642191196389,0.0641013943966,0.0644545701233,0.0648666084712,0.0650431963345,0.065278646819,0.0655729599246,0.0657495477879,0.0648666084712,0.0645134327445,0.0652197841979,0.06480774585,0.06480774585,0.0651020589556,0.0655729599246,0.0652197841979,0.0652197841979,0.0655140973034,0.0651609215767,0.0661615861357,0.0652197841979,0.0642191196389,0.063277317701,0.0628652793532,0.0619823400364,0.0625121036265,0.0616291643097,0.0611582633408,0.0623943783842,0.0623355157631,0.0631007298376,0.0640425317755,0.0639248065333,0.0629830045954,0.0635716308066,0.0630418672165,0.062276653142,0.0617468895519,0.0609228128563,0.0606873623718,0.0605107745085,0.0603930492662,0.0612171259619,0.0613937138252,0.0610405380985,0.0609816754774,0.062276653142,0.0619823400364,0.0625709662476,0.062276653142,0.0618057521731,0.0626886914898,0.063277317701,0.06427798226,0.0641013943966,0.0656318225457,0.0656318225457,0.0661027235146,0.0661615861357,0.0670445254525,0.0676920142848,0.0666913497258,0.0667502123469,0.0668679375891,0.068280640496,0.067279975937,0.0682217778748,0.0693401676761,0.0687515414649,0.0684572283593,0.0698699312661,0.0703996948562,0.0700465191295,0.0709294584462,0.0695756181605,0.0711649089307,0.0703996948562,0.0701053817506,0.0714003594152,0.0711649089307,0.0705174200984,0.0714003594152,0.071812397763,0.0717535351419,0.0728719249431,0.0725187492164,0.072813062322,0.0721655734897,0.0715769472785,0.071812397763,0.0709883210673,0.0711060463096,0.0709294584462,0.0702819696139,0.0703408322351,0.0693990302972,0.0689281293282,0.0703996948562,0.0702819696139,0.0693401676761,0.0703408322351,0.0708705958251,0.0710471836885,0.071341496794,0.0717535351419,0.0726953370797,0.0739314521232,0.0735782763965,0.0736371390176,0.0748732540611,0.0748732540611,0.0756973307567,0.0757561933778,0.0757561933778,0.0757561933778,0.0757561933778,0.0754030176511,0.0765214074524,0.0778752477381,0.0794056758871,0.0795234011293,0.0792879506449,0.0802297525827,0.0808183787939,0.0809361040362,0.0805829283094,0.0817601807318,0.0812304171417,0.0821133564585,0.0824665321852,0.082348806943,0.0825842574274,0.0818190433529,0.0830551583964,0.0837026472287,0.0842912734398,0.0838203724709,0.0848210370299,0.0847033117877,0.083879235092,0.0847033117877,0.0846444491665,0.0865869156634,0.0865280530423,0.0859394268311,0.0853508006199,0.0859394268311,0.0847621744088,0.0843501360609,0.0841735481976,0.0841735481976,0.0839969603342,0.0835260593653,0.0831728836386,0.0838203724709,0.0845267239243,0.0845267239243,0.0856451137255,0.0862926025578,0.0869400913901,0.087410992359,0.0872344044957,0.0871166792535,0.087410992359,0.0884705195392,0.0901186729304,0.089883222446,0.0903541234149,0.0901775355516,0.0903541234149,0.0907072991416,0.0912959253528,0.091413650595,0.0913547879739,0.0906484365205,0.0891180083714,0.0891768709926,0.0891768709926,0.0894711840981,0.090412986036,0.0912959253528,0.0921200020484,0.0910016122472,0.0912959253528,0.0912959253528,0.0933561170919,0.0924731777751,0.0920611394273,0.0912959253528,0.090412986036,0.0897066345826,0.0894711840981,0.0927086282596,0.0922377272907,0.0927674908807,0.0926497656385,0.0945333695142,0.0943567816509,0.0951219957254,0.0942390564086,0.094415644272,0.094945407862,0.094415644272,0.0961815229055,0.0965346986322,0.0960049350422,0.0953574462099,0.0961815229055,0.0970644622223,0.0981828520235,0.0985948903713,0.0988892034769,0.09641697339,0.0944745068931,0.0947688199987,0.0950631331043,0.0955340340732,0.0947099573776,0.0956517593155,0.0967112864956,0.0951219957254,0.0952985835887,0.0984771651291,0.0994778296881,0.0995366923092,0.0993601044458,0.0990657913402,0.101479158806,0.100831669974,0.101125983079,0.102774136471,0.101655746669,0.100772807353,0.101891197154,0.101891197154,0.102479823365,0.104069114135,0.103480487924,0.103362762682,0.102950724334,0.10324503744,0.103186174818,0.102008922396,0.100713944732,0.100949395216,0.100301906384,0.0988303408558,0.0978296762968,0.0970055996011,0.0971233248434,0.0962403855266,0.0961815229055,0.0973587753279,0.0987126156135,0.0980062641601,0.0986537529924,0.0996544175514,0.101714609291,0.101773471912,0.102126647638,0.103009586955,0.102774136471,0.102832999092,0.102067785017,0.104363427241,0.103598213166,0.10271527385,0.101832334533,0.102420960744,0.101538021427,0.1011848457,0.103303900061,0.104481152483,0.105481817042,0.104657740346,0.106776794707,0.109484475278,0.109131299551,0.109955376247,0.110073101489,0.112015567986,0.112074430607,0.112192155849,0.111426941775,0.112427606334,0.111485804396,0.110956040806,0.110897178185,0.11172125488,0.112663056818,0.112192155849,0.112663056818,0.111073766048,0.112015567986,0.112898507303,0.113310545651,0.113722583998,0.114370072831,0.113133957787,0.113310545651,0.113604858756,0.113369408272,0.115429600011,0.11696002816,0.116253676706,0.117077753402,0.115311874769,0.115723913116,0.116018226222,0.117077753402,0.117607516992,0.118902494657,0.119491120868,0.118961357278,0.12066837329,0.120844961154,0.122846290272,0.124788756768,0.12537738298,0.12537738298,0.126319184918,0.126907811129,0.126731223265,